Texas: 1.3038031078891925
Florida: 1.3464457338029427
California: 1.3910589760192307
New York: 1.4355548015867732
North Carolina: 1.4368658392618419
Georgia: 1.4936648074273977
Virginia: 1.5061300070567984
New Jersey: 1.5071599787877998
Ohio: 1.5254950909567973
Arizona: 1.5381384218308265
Pennsylvania: 1.5381420781837618
Washington: 1.5573734429672326
Colorado: 1.5587886757120286
Illinois: 1.5622572398710857
Massachusetts: 1.5647410915377806
Michigan: 1.5877219871015449
Tennessee: 1.5917023111517559
Maryland: 1.6188501501645398
Indiana: 1.6210971349613472
Missouri: 1.624718334767689
Oregon: 1.652012528863019
Wisconsin: 1.696721831618004
Louisiana: 1.717564913755698
Minnesota: 1.7523894706627223
South Carolina: 1.7583533997274552
Oklahoma: 1.7679656246866595
Kentucky: 1.775475183739488
Alabama: 1.7913017967354123
Iowa: 1.8339560633032728
Utah: 1.8715154721303273
Nevada: 1.9326074030459184
Connecticut: 1.9412392427613963
Arkansas: 1.9923467320864783
Mississippi: 2.026151537899671
Kansas: 2.0422889975084075
Idaho: 2.1749697951069704
New Mexico: 2.3612505560745056
Nebraska: 2.5490643914057785
Hawaii: 2.748628949522116
Montana: 2.766953353778044
West Virginia: 2.7875092824059107
New Hampshire: 2.903750120687114
Maine: 2.9360836607678302
Delaware: 3.0304622060956734
South Dakota: 3.3834573746400847
Rhode Island: 3.6450487935344125
North Dakota: 3.8506264969310506
Alaska: 4.090587421989089
DC: 4.350695023530009
Vermont: 4.665071212312056
Wyoming: 5.200649734506831
